WD: 2.9919702684397275e-06
average_type: 2
average_type_loss: 0
batch_size: 29
clip_type: 1
dkl_backpropagation: 0
dkl_scale: 1.0e-07
dkl_scale_init: 1.0e-08
epochs: 27
epsilon: 0.18264242707540573
grad_clip_threshold: 2.7782468182686686
grad_clip_threshold_factor: 2
inc_batch_size: 9
iterations: 4
learning_rate: 0.0006516159286525216
lr_mult: 0.8821115071370329
lr_mult_factor: 0.9717580963668324
max_batch_size: 64
max_num_layers_unfreeze_each_epoch: 15
num_layers_unfreeze_each_epoch: 0
num_unfrozen_layers: 6
pairwise_hd_aver_factor: 89.82182093473786
rel_to_WT: 1
sampling_max: 0
seed: 42
target_hd: 5
use_scheduler: 1
version: 2
warm_restart: 1
